,Pregnancies,Glucose,BloodPressure,SkinThickness,Insulin,BMI,DiabetesPedigreeFunction,Age,Outcome,resultado
8,2,197,70,45,543,30.5,0.158,53,1,1
13,1,189,60,23,846,30.1,0.398,59,1,1
24,11,143,94,33,146,36.6,0.254,51,1,1
30,5,109,75,26,0,36.0,0.546,60,0,1
39,4,111,72,47,207,37.1,1.39,56,1,1
43,9,171,110,24,240,45.4,0.721,54,1,1
53,8,176,90,34,300,33.7,0.467,58,1,1
67,2,109,92,0,0,42.7,0.845,54,0,1
115,4,146,92,0,0,31.2,0.539,61,1,1
148,5,147,78,0,0,33.7,0.218,65,0,1
186,8,181,68,36,495,30.1,0.615,60,1,1
204,6,103,72,32,190,37.7,0.324,55,0,1
206,8,196,76,29,280,37.5,0.605,57,1,1
207,5,162,104,0,0,37.7,0.151,52,1,1
212,7,179,95,31,0,34.2,0.164,60,0,1
221,2,158,90,0,0,31.6,0.805,66,1,1
236,7,181,84,21,192,35.9,0.586,51,1,1
259,11,155,76,28,150,33.3,1.353,51,1,1
263,3,142,80,15,0,32.4,0.2,63,0,1
274,13,106,70,0,0,34.2,0.251,52,0,1
344,8,95,72,0,0,36.8,0.485,57,0,1
362,5,103,108,37,0,39.2,0.305,65,0,1
363,4,146,78,0,0,38.5,0.52,67,1,1
375,12,140,82,43,325,39.2,0.528,58,1,1
388,5,144,82,26,285,32.0,0.452,58,1,1
458,10,148,84,48,237,37.6,1.001,51,1,1
487,0,173,78,32,265,46.5,1.159,58,0,1
516,9,145,88,34,165,30.3,0.771,53,1,1
517,7,125,86,0,0,37.6,0.304,51,0,1
542,10,90,85,32,0,34.9,0.825,56,1,1
546,5,187,76,27,207,43.6,1.034,53,1,1
560,6,125,76,0,0,33.8,0.121,54,1,1
579,2,197,70,99,0,34.7,0.575,62,1,1
588,3,176,86,27,156,33.3,1.154,52,1,1
603,7,150,78,29,126,35.2,0.692,54,1,1
658,11,127,106,0,0,39.0,0.19,51,0,1
666,4,145,82,18,0,32.5,0.235,70,1,1
674,8,91,82,0,0,35.6,0.587,68,0,1
702,1,168,88,29,0,35.0,0.905,52,1,1
719,5,97,76,27,0,35.6,0.378,52,1,1
757,0,123,72,0,0,36.3,0.258,52,1,1
759,6,190,92,0,0,35.5,0.278,66,1,1
763,10,101,76,48,180,32.9,0.171,63,0,1
